 10001,21966,144041,1602,11704,3519,3648,38,84,69,52,210,7,10,6,4,121
 10002,82191,44740,5257,16330,37739,20619,14,106,30,47,44,0,14,4,1,32
 10003,57310,204008,1738,40056,8020,4489,35,86,59,38,75,5,19,7,10,25
 10004,2807,363621,86,2034,653,189,14,10,19,15,82,2,7,1,0,29
 10005,6822,983554,229,4663,1472,530,4,11,5,5,56,0,0,1,0,11
 10006,2507,176242,135,1947,590,248,3,11,7,4,30,0,1,1,1,12
 10007,6525,476189,413,4715,870,711,11,36,13,11,69,1,6,3,0,28
 10009,62810,69934,4775,30587,8277,15977,15,17,31,19,31,0,18,6,6,16
 10010,30670,211519,1678,21665,4553,3015,12,22,23,13,36,0,7,4,2,22
 10011,52167,246235,1976,37300,4475,5851,31,38,32,34,50,3,14,9,5,33
 10012,26145,197911,518,16995,3956,1921,37,39,27,45,60,2,13,8,9,30
 10013,26065,373721,985,14492,9982,1485,33,136,42,62,72,1,8,5,1,85
 10014,30597,253188,604,26580,1861,2030,52,30,49,42,48,2,16,6,3,39
 10016,51196,202730,1981,37601,8953,4394,22,71,42,25,101,5,14,16,2,26
 10017,16129,391799,491,11685,2909,1078,27,64,19,44,154,1,10,13,5,62
 10018,7021,501354,334,2480,1338,945,13,52,22,29,124,2,7,4,5,39
 10019,38394,292340,1987,25884,7106,6715,79,89,51,70,173,10,22,12,2,112
 10021,40862,517400,724,36603,3166,2345,23,39,20,20,72,4,8,1,3,66
 10022,29618,423852,549,26222,2849,1729,53,67,35,57,118,7,6,13,2,105
 10023,61315,320455,2524,46579,5431,5107,21,22,8,25,49,2,7,5,3,30
 10024,59164,303191,2667,45701,3226,6329,13,31,26,20,67,2,9,6,6,25
 10025,97390,131910,11157,52030,7708,21010,18,59,15,18,75,4,25,7,0,37
 10026,37871,54078,18447,5342,1427,7654,10,10,4,6,28,1,6,4,1,30
 10027,62617,50162,23904,13871,4469,15575,12,28,12,19,93,3,14,0,0,45
 10028,44295,339877,699,37803,3305,2425,17,33,23,20,48,2,8,8,2,38
 10029,77454,47088,19344,10119,5097,39859,3,45,11,16,129,4,58,4,2,40
 10030,28472,35037,18159,1636,389,6088,4,3,2,6,17,1,5,0,0,23
 10031,59092,33193,15014,5920,1292,32984,8,13,13,7,75,0,20,2,0,29
 10032,59374,31728,8478,6124,1863,39884,7,23,4,7,63,1,24,4,0,39
 10033,58710,38106,1954,12377,1117,37767,1,16,3,10,50,1,26,4,2,22
 10034,41510,36610,2436,6945,817,28096,5,15,7,13,43,0,27,2,0,19
 10035,33488,39019,12542,2769,1013,16999,8,14,1,1,61,0,19,1,0,23
 10036,23132,197931,2075,13487,4195,4206,45,43,56,48,150,4,23,4,4,82
 10037,17377,42259,12676,801,289,3164,2,9,1,2,18,0,3,0,0,10
 10038,20082,111759,1327,9253,6037,3128,6,53,26,19,103,4,7,5,2,72
 10039,26577,34344,15657,983,417,6911,4,9,2,1,33,2,5,1,0,10
 10040,44825,36260,1968,8131,1037,30154,4,10,6,5,27,0,22,1,1,15
 10044,12346,82915,2281,5000,2120,1736,1,2,1,0,5,0,0,0,0,3
 10069,5118,479115,170,3491,1046,347,0,1,0,1,0,0,0,0,0,0
 10128,60121,323582,2500,44976,5760,5830,17,34,14,18,56,1,9,3,0,31
 10280,8685,184651,215,5016,1750,617,1,4,2,1,7,0,0,1,0,2
 10282,6217,405457,105,3463,644,388,2,1,3,4,3,0,1,0,0,3
 10301,38885,63214,8624,17435,2604,9867,9,11,4,7,50,1,12,4,0,19
 10302,16811,47143,3514,6385,773,7892,4,19,2,2,33,0,8,2,0,15
 10303,24537,41810,8839,4992,2026,9780,1,3,1,2,20,1,4,1,0,5
 10304,43084,62172,11193,15902,3980,10206,5,9,3,7,28,2,6,1,1,18
 10305,42006,57344,1516,27751,4473,7193,8,16,1,5,52,1,4,3,0,31
 10306,55902,67141,970,44900,2514,6802,6,23,5,9,58,1,4,3,2,16
 10307,14829,82911,79,12379,346,1131,1,2,4,3,9,0,2,0,0,6
 10308,28939,69356,105,23952,783,2226,1,7,2,7,25,0,2,0,0,13
 10309,32646,76073,667,27725,1232,2584,1,8,5,5,31,0,0,0,0,12
 10310,25227,56068,5110,10444,1362,7474,5,9,5,2,41,0,7,3,0,13
 10312,60081,75396,495,50214,3192,4787,4,15,4,2,41,0,1,2,0,14
 10314,87276,64317,3201,58090,11412,11109,12,35,11,13,86,1,5,2,1,40
 10451,47069,28443,16227,921,653,27148,12,13,6,7,80,1,16,1,0,39
 10452,74931,24210,20945,1001,952,51328,4,11,1,5,41,1,11,2,1,44
 10453,79793,23540,23685,1020,917,51621,6,12,0,3,52,0,12,2,0,32
 10454,38089,23515,8629,692,165,27442,8,10,1,3,35,0,15,2,0,31
 10455,38576,24964,8855,555,199,29676,3,9,2,5,53,0,26,5,0,29
 10456,87723,23501,34735,1133,782,48641,3,15,1,4,39,0,7,5,0,51
 10457,70282,23696,21185,1138,1059,45940,5,12,1,5,41,0,6,4,0,48
 10458,74859,25762,15770,8350,3065,50680,8,26,8,12,94,2,27,4,0,72
 10459,47977,25885,12747,538,343,33075,2,12,0,1,52,0,12,0,0,28
 10460,56084,26068,15684,1434,751,38520,3,10,0,0,27,0,7,3,0,17
 10461,51730,46308,3150,21602,5253,19384,8,26,9,6,86,1,10,4,0,37
 10462,77369,38046,18417,11415,8101,35366,10,25,7,6,82,7,24,3,0,57
 10463,70420,58769,8116,24161,2873,31566,7,26,9,12,66,0,11,6,1,28
 10464,4248,76969,141,3400,140,774,7,2,3,4,9,0,2,0,0,15
 10465,44862,55394,3123,21559,1246,15616,3,16,6,2,32,0,4,2,0,18
 10466,70609,35211,46347,2001,1508,15527,11,7,4,0,28,1,12,2,1,34
 10467,98754,31440,32296,9855,6098,46661,9,25,2,3,74,1,16,5,0,61
 10468,71822,26859,14507,3708,3357,53260,7,14,3,4,43,0,20,2,0,28
 10469,71843,42269,36743,8730,2681,16852,3,13,1,4,48,0,14,0,1,22
 10470,14850,45914,5097,6493,544,2561,0,3,3,2,23,0,3,0,0,10
 10471,22030,135945,2004,14465,1330,4618,0,7,3,5,28,1,4,0,1,8
 10472,68898,27232,15574,1476,3931,42887,4,12,3,6,36,0,12,2,0,39
 10473,58660,35911,21162,1203,890,34042,1,2,1,0,23,0,3,3,0,16
 10474,12519,25502,3227,160,67,8684,3,3,1,1,19,0,6,0,0,31
 10475,43231,44554,24005,3885,492,11670,4,8,1,2,25,0,2,0,0,9
 11004,14500,61829,822,6008,5088,1459,0,19,0,1,16,4,1,1,0,3
 11005,2055,113697,30,1723,21,24,1,0,0,0,0,0,0,0,0,1
 11101,25537,59378,4711,7171,4046,8788,13,31,25,32,111,3,22,8,0,52
 11102,34529,44049,2903,14596,5178,10346,5,17,14,13,43,2,10,6,1,21
 11103,37745,43463,596,21747,5473,9582,9,31,28,29,90,10,17,11,0,41
 11104,25729,48955,414,10940,7050,8011,3,29,8,6,50,1,18,3,0,19
 11105,36190,49700,659,23674,4065,7210,5,28,9,16,54,4,5,22,0,16
 11106,36869,44886,2959,15840,7393,11190,7,43,19,18,92,1,21,8,0,29
 11201,54668,157833,7131,30960,4965,6365,22,60,39,39,156,5,18,5,2,73
 11203,79572,36170,67236,2008,938,4258,7,12,6,5,52,0,28,0,1,63
 11204,80963,48256,428,48281,20485,7997,3,42,3,10,57,2,7,2,1,44
 11205,43002,53527,12811,15689,2028,8565,13,25,13,18,62,3,15,2,0,39
 11206,81525,31350,19571,21250,4422,35118,7,26,12,23,68,0,25,3,6,31
 11207,92491,29215,56381,1567,1004,32323,11,23,2,5,76,0,18,4,1,57
 11208,93107,27866,39761,1973,7772,40645,7,19,2,4,52,1,19,5,0,38
 11209,72623,66054,1173,47714,7889,10322,15,65,22,26,119,14,12,17,1,57
 11210,65302,67211,34281,19294,2154,4929,3,15,1,6,40,1,12,1,0,36
 11211,93271,54060,3050,58603,3408,23514,32,72,67,48,148,2,39,8,5,62
 11212,84520,28184,67801,666,588,13905,9,22,1,0,58,1,10,1,0,61
 11213,62059,34547,44122,11267,542,6507,6,17,3,6,40,0,20,0,1,46
 11214,83156,39866,779,46107,28562,11823,3,71,1,14,87,5,12,2,0,38
 11215,68891,104359,3239,42730,3948,11343,19,69,27,35,125,1,44,8,2,48
 11216,53783,37236,39581,5625,1601,5896,10,28,12,17,60,4,31,2,1,44
 11217,38787,102611,7250,17961,2143,7192,12,40,29,24,79,3,17,3,6,25
 11218,74758,47540,6569,37192,13951,15128,4,38,5,12,57,6,23,1,3,24
 11219,96971,37407,742,58646,20896,10870,3,28,3,6,39,0,7,3,2,44
 11220,103089,25773,1624,14645,41165,40653,3,135,11,19,68,5,43,7,2,48
 11221,81321,30619,40934,3721,1567,31166,7,27,4,10,55,0,14,3,1,34
 11222,34186,52822,635,27946,1785,5702,11,30,25,18,90,3,12,4,5,44
 11223,74606,63340,2834,47821,16561,10282,13,35,3,25,75,9,11,8,0,87
 11224,42535,36387,10604,24791,2821,8676,10,10,5,1,51,0,6,0,0,29
 11225,59182,38637,40562,8126,817,5845,9,19,2,14,61,1,20,2,2,44
 11226,98325,33386,72591,6005,2930,17409,11,45,2,9,92,3,57,1,3,71
 11228,43929,56420,201,26390,10182,4472,2,11,0,2,37,0,5,0,0,13
 11229,81030,54225,3937,53799,14532,6451,7,57,4,5,64,4,4,4,0,31
 11230,84219,64486,6669,58372,11137,8597,3,21,2,18,61,9,2,1,0,57
 11231,34137,106346,4254,19615,1383,7105,24,22,22,13,50,2,12,1,1,33
 11232,28824,33077,1334,5504,4512,16339,3,15,0,3,35,3,21,3,1,11
 11233,68599,33075,53898,1334,550,9735,2,15,3,10,48,1,8,0,0,32
 11234,94259,60692,35557,38632,4072,7570,6,28,5,8,65,1,9,0,0,38
 11235,74630,52018,1492,58274,10097,7900,15,35,9,26,61,13,3,8,0,69
 11236,97217,39771,77175,5066,2319,7358,6,24,1,2,58,1,15,0,0,53
 11237,55478,28083,3581,5768,3354,36252,5,33,19,18,85,2,61,8,1,45
 11238,51895,65446,22210,16670,2660,5683,21,39,27,23,57,1,27,2,8,37
 11239,12879,36456,7068,3294,389,2390,1,1,1,1,6,0,2,0,0,0
 11354,56258,35618,1817,10889,32126,8902,3,243,20,25,74,1,1,0,0,85
 11355,83221,27342,2430,7767,60670,12983,7,151,18,4,44,3,1,0,1,37
 11356,23037,43305,398,7756,6342,8442,1,12,2,3,27,0,7,1,0,9
 11357,40872,72979,297,26883,7112,4333,1,9,4,2,28,0,0,3,0,21
 11358,38317,54130,341,15546,14975,6028,3,62,13,14,42,1,6,7,0,23
 11360,19865,84422,225,12426,4443,1513,1,2,0,2,10,0,0,1,1,3
 11361,30597,62051,1027,13355,10093,3650,3,47,12,6,42,0,6,6,0,17
 11362,17865,73584,253,9243,6640,1420,4,17,4,2,19,1,1,3,0,13
 11363,7354,106511,70,4009,2179,603,2,2,1,1,6,0,1,0,0,4
 11364,34751,63494,733,14155,16202,2888,1,29,1,2,14,3,1,1,0,6
 11365,41924,53403,3421,14064,17532,6094,1,13,1,4,21,3,4,0,0,4
 11366,13499,62381,776,5395,5434,1540,0,23,0,4,30,2,2,0,0,12
 11367,41022,54365,3659,20968,8527,6480,4,19,0,3,27,5,3,1,0,13
 11368,107962,25808,10411,5777,10834,81093,9,23,8,6,65,0,66,7,0,25
 11369,40761,32680,6640,2779,3356,24973,4,8,1,5,21,0,7,0,0,13
 11370,37244,40290,6540,9208,6519,16451,0,6,5,1,17,1,1,1,0,6
 11372,63320,37821,1189,12397,13562,38095,5,75,7,19,96,3,102,4,1,76
 11373,99159,30397,1257,7292,47216,42775,9,84,5,18,92,5,39,1,0,53
 11374,42297,54199,1077,22714,11579,7004,3,21,4,6,57,4,7,3,1,32
 11375,69757,82173,1779,39548,17296,8326,8,46,14,17,69,5,13,5,0,43
 11377,86316,36968,2238,18670,32711,33745,9,55,12,19,73,1,42,0,0,44
 11378,32268,48552,314,21038,3570,9617,2,13,3,3,34,0,3,3,0,11
 11379,35822,60798,276,25628,2803,5728,1,12,4,1,41,1,4,2,0,7
 11385,99379,39372,1693,45996,6236,43166,8,44,14,37,168,2,40,5,0,46
 11411,18722,47370,16766,247,126,991,2,4,0,0,6,0,4,0,0,9
 11412,37176,40066,31243,188,363,2056,1,9,1,1,18,0,9,0,0,25
 11413,40385,44569,34574,521,335,2470,1,7,1,1,21,0,13,0,0,16
 11414,28094,62800,413,20069,923,4399,1,12,1,2,18,0,0,2,0,11
 11415,19145,59551,1214,9679,3213,4490,3,13,0,3,21,1,2,1,0,8
 11416,25950,32679,2265,3577,5658,10937,2,9,0,3,27,1,5,3,0,9
 11417,31004,39792,2177,7482,5838,10296,5,13,1,5,36,3,5,0,0,15
 11418,36828,38700,3247,6755,7477,15471,3,21,6,8,34,2,14,0,1,31
 11419,49193,31453,8021,2225,15511,9600,6,36,4,3,27,3,8,0,0,37
 11420,48449,37671,13611,3167,8810,9865,2,22,1,4,23,1,7,4,0,15
 11421,42588,36465,1944,7273,6064,21966,1,12,2,1,44,0,12,4,0,23
 11422,33280,45260,24740,1475,628,2657,7,6,3,5,21,0,5,1,0,9
 11423,31625,45234,12195,2820,5863,5011,1,6,1,0,9,1,4,0,0,13
 11426,19575,57449,904,6582,6257,2843,0,10,2,2,18,0,0,0,0,12
 11427,24877,53802,5374,4605,7567,3996,0,5,0,2,17,1,1,0,0,6
 11428,20307,43066,4393,2071,5055,4833,1,11,2,1,14,0,5,1,0,12
 11429,28311,39843,19508,646,823,3164,0,4,0,0,9,0,4,0,0,7
 11432,61687,42549,11242,8783,21464,15125,6,42,3,4,87,6,19,4,1,60
 11433,32821,33185,23572,323,1626,5290,6,4,1,0,29,0,2,0,0,10
 11434,62809,39349,50655,708,897,4860,6,14,1,1,45,0,14,0,0,38
 11435,53542,37594,13810,7646,10474,17518,6,17,6,7,44,1,19,1,1,49
 11436,17636,36718,13033,185,1139,2155,1,3,0,1,6,0,4,0,0,6
 11691,61091,36362,28279,13455,1156,15134,2,8,0,0,23,0,6,0,0,18
 11692,17674,34610,11467,1916,511,4081,1,2,1,1,8,1,0,0,0,3
 11693,11335,45904,3291,5643,359,2279,2,7,2,3,17,0,3,0,0,7
 11694,21725,91399,1621,15506,505,2520,3,5,4,6,20,0,5,0,0,9
 11697,4223,90992,5,3939,24,88,1,0,1,0,2,0,0,0,0,2
